5.225674998	5.728518586	2.4892425	2.021899417	6.319245945	0.3408486599	4.813159701	5.137186577
6.03981044	5.325714094	2.425058479	2.144538856	4.119149942	0.6680866016	2.83389066	6.057131633
5.078112049	5.668314397	2.485148275	3.558556933	4.930654051	0.2876460718	10.4768916	4.468613391
5.710434553	6.670813616	2.369901662	5.12894513	5.956308446	0.5823112381	14.8958325	4.503796995
8.255598328	5.178365147	1.868194386	5.124951927	6.189756326	0.4129586291	5.392683182	5.166540044
5.958508677	5.757953535	1.288736743	5.224442362	7.359896283	1.192144952	5.093688231	2.684419655
4.836734254	4.901286299	7.276609468	5.916247684	6.666676749	0.6515219224	1.81069963	4.118507018
4.684545364	7.409911057	5.94029199	4.928482505	5.076469323	0.09573444621	6.086815714	4.123742788
3.851700184	4.805637605	1.743950164	5.05196633	5.11862344	7.713790288	0.90476192	3.958701857
3.564025633	7.247725419	1.300529196	3.86984579	2.592606598	5.005650758	6.547046842	19.104965
3.177348942	7.707063709	1.658117214	4.238788968	4.077703077	1.923287462	13.26035652	4.201343669
